Strecke:
A B C D E F G H I J K L M N O P Q R S T U V W X Y Z a b c d e f g h i j k l m n o p q r s t u v w x y z
Abstaende:
5 7 13 4 9 7 25 3 8 6 12 4 5 7 9 11 13 17 19 23 29 5 9 7 6 3 10 2 4 8 6 12 4 5 7 9 11 13 17 19 23 29 7 9 20 19 2 5 9 5 10
Start Hinfahrt:
12
Anzahl Bahnhöfe: 52
Mindestdauer : 581

Einfache Fahrt:
An 		 17	 25	 39	 44	 54	 02	 28	 32	 41	 48	 01	 06	 12	 20	 30	 42	 56	 14	 34	 58	 28	 34	 44	 52	 59	 03	 14	 17	 22	 31	 38	 51	 56	 02	 10	 20	 32	 46	 04	 24	 48	 18	 26	 36	 57	 17	 20	 26	 36	 42	 53	
Wa 																																																				
Ab 	 12	 18	 26	 40	 45	 55	 03	 29	 33	 42	 49	 02	 07	 13	 21	 31	 43	 57	 15	 35	 59	 29	 35	 45	 53	 00	 04	 15	 18	 23	 32	 39	 52	 57	 03	 11	 21	 33	 47	 05	 25	 49	 19	 27	 37	 58	 18	 21	 27	 37	 43	
	 A	 B x C	 D	 E x F	 G x H	 I	 J	 K x L	 M	 N	 O x P	 Q x R	 S x T x U x V	 W	 X	 Y x Z	 a	 b	 c	 d x e	 f	 g x h	 i	 j	 k x l	 m x n x o	 p x q x r	 s x t	 u	 v x w	 x	 y	 z
Ab 		 30	 22	 08	 03	 53	 45	 19	 15	 06	 59	 46	 41	 35	 27	 17	 05	 51	 33	 13	 49	 19	 13	 03	 55	 48	 44	 33	 30	 25	 16	 09	 56	 51	 45	 37	 27	 15	 01	 43	 23	 59	 29	 21	 11	 50	 30	 27	 21	 11	 05	 54	
Wa 																																																				
An 	 35	 29	 21	 07	 02	 52	 44	 18	 14	 05	 58	 45	 40	 34	 26	 16	 04	 50	 32	 12	 48	 18	 12	 02	 54	 47	 43	 32	 29	 24	 15	 08	 55	 50	 44	 36	 26	 14	 00	 42	 22	 58	 28	 20	 10	 49	 29	 26	 20	 10	 04	
Gesamtdauer Hinfahrt, Rückfahrt : 581, 581
Summe Wartezeiten Hinfahrt, Rückfahrt : 0, 0
Summe Strafen : 0

Einseitiges Warten:
An 		 17	 25	 39	 44	 54	 02	 28	 32	 41	 48	 01	 06	 12	 20	 30	 42	 56	 14	 34	 58	 28	 34	 44	 52	 59	 03	 14	 17	 22	 31	 38	 51	 56	 02	 10	 20	 32	 46	 04	 24	 48	 18	 26	 36	 57	 17	 20	 26	 36	 42	 53	
Wa 																																																				
Ab 	 12	 18	 26	 40	 45	 55	 03	 29	 33	 42	 49	 02	 07	 13	 21	 31	 43	 57	 15	 35	 59	 29	 35	 45	 53	 00	 04	 15	 18	 23	 32	 39	 52	 57	 03	 11	 21	 33	 47	 05	 25	 49	 19	 27	 37	 58	 18	 21	 27	 37	 43	
	 A	 B	 C	 D	 E	 F	 G	 H	 I	 J	 K	 L	 M	 N	 O	 P	 Q	 R	 S	 T	 U	 V	 W	 X	 Y	 Z	 a	 b	 c	 d	 e	 f	 g	 h	 i	 j	 k	 l	 m	 n	 o	 p	 q	 r	 s	 t	 u	 v	 w	 x	 y	 z
Ab 		 02	 54	 40	 21	 11	 03	 37	 33	 22	 15	 02	 55	 49	 41	 31	 11	 57	 15	 35	 59	 29	 11	 01	 53	 46	 42	 31	 28	 23	 12	 05	 52	 45	 39	 31	 21	 01	 47	 05	 25	 49	 19	 47	 37	 58	 36	 33	 27	 11	 05	 54	
Wa 				(14)				(02)		(02)			(08)	(24)(20)(12)	(12)							(02)		(02)			(08)	(24)(20)(12)	(24)	(18)(02)		(06)		
An 	 07	 01	 53	 25	 20	 10	 02	 36	 30	 21	 14	 59	 54	 48	 40	 22	 10	 32	 54	 22	 58	 16	 10	 00	 52	 45	 41	 30	 27	 20	 11	 04	 49	 44	 38	 30	 12	 00	 22	 44	 12	 48	 54	 46	 18	 55	 35	 32	 20	 10	 04	
Gesamtdauer Hinfahrt, Rückfahrt : 581, 793
Summe Wartezeiten Hinfahrt, Rückfahrt : 0, 212
Summe Strafen : 44944

Beidseitiges Warten:
An 		 17	 25	 39	 44	 54	 02	 28	 32	 41	 48	 01	 06	 12	 20	 30	 42	 56	 14	 34	 58	 28	 34	 44	 52	 59	 03	 14	 17	 22	 31	 38	 51	 56	 02	 10	 20	 32	 46	 04	 24	 48	 18	 26	 36	 57	 17	 20	 26	 36	 42	 53	
Wa 																																																				
Ab 	 12	 18	 26	 40	 45	 55	 03	 29	 33	 42	 49	 02	 07	 13	 21	 31	 43	 57	 15	 35	 59	 29	 35	 45	 53	 00	 04	 15	 18	 23	 32	 39	 52	 57	 03	 11	 21	 33	 47	 05	 25	 49	 19	 27	 37	 58	 18	 21	 27	 37	 43	
	 A	 B	 C	 D	 E	 F	 G	 H	 I	 J	 K	 L	 M	 N	 O	 P	 Q	 R	 S	 T	 U	 V	 W	 X	 Y	 Z	 a	 b	 c	 d	 e	 f	 g	 h	 i	 j	 k	 l	 m	 n	 o	 p	 q	 r	 s	 t	 u	 v	 w	 x	 y	 z
Ab 		 02	 54	 40	 21	 11	 03	 37	 33	 22	 15	 02	 55	 49	 41	 31	 11	 57	 15	 35	 59	 29	 11	 01	 53	 46	 42	 31	 28	 23	 12	 05	 52	 45	 39	 31	 21	 01	 47	 05	 25	 49	 19	 47	 37	 58	 36	 33	 27	 11	 05	 54	
Wa 				(14)				(02)		(02)			(08)	(24)(20)(12)	(12)							(02)		(02)			(08)	(24)(20)(12)	(24)	(18)(02)		(06)		
An 	 07	 01	 53	 25	 20	 10	 02	 36	 30	 21	 14	 59	 54	 48	 40	 22	 10	 32	 54	 22	 58	 16	 10	 00	 52	 45	 41	 30	 27	 20	 11	 04	 49	 44	 38	 30	 12	 00	 22	 44	 12	 48	 54	 46	 18	 55	 35	 32	 20	 10	 04	
Gesamtdauer Hinfahrt, Rückfahrt : 581, 793
Summe Wartezeiten Hinfahrt, Rückfahrt : 0, 212
Summe Strafen : 44944

